  L stage                 relL2       cosine       maxabs
  0 in                0.000e+00  1.000000000    0.000e+00
  0 hc_pre_mixed      0.000e+00  1.000000000    0.000e+00
  0 hc_pre_inj        0.000e+00  1.000000000    0.000e+00
  0 qkvz_preconv      0.000e+00  1.000000000    0.000e+00
  0 gates             0.000e+00  1.000000000    0.000e+00
  0 post_conv         0.000e+00  1.000000000    0.000e+00
  0 raw_recur         3.045e-03  0.999995363    1.953e-03
  0 pre_out_proj      4.174e-03  0.999992143    7.812e-03
  0 block_out         4.369e-03  0.999990725    1.953e-03
  0 post_gdn          4.238e-03  0.999991214    1.644e-04
  0 post_moe          3.284e-03  0.999994640    6.018e-04
  1 in                3.316e-03  0.999994593    6.765e-04
  1 hc_pre_mixed      5.698e-03  0.999983791    7.812e-03
  1 hc_pre_inj        0.000e+00  1.000000000    0.000e+00
  1 qkvz_preconv      2.496e-03  0.999996886    3.125e-02
  1 gates             9.823e-04  0.999999518    2.552e-03
  1 post_conv         3.162e-03  0.999995056    1.953e-03
  1 raw_recur         5.256e-03  0.999986220    1.221e-04
  1 pre_out_proj      5.258e-03  0.999986202    7.812e-03
  1 block_out         5.610e-03  0.999984273    5.859e-03
  1 post_gdn          3.335e-03  0.999994527    6.768e-04
  1 post_moe          3.374e-03  0.999994387    6.690e-04
  2 in                3.374e-03  0.999994387    6.690e-04
  2 hc_pre_mixed      5.872e-03  0.999982789    3.125e-02
  2 hc_pre_inj        0.000e+00  1.000000000    0.000e+00
  2 qkvz_preconv      3.165e-03  0.999995335    6.250e-02
  2 gates             1.029e-03  0.999999517    1.773e-03
  2 post_conv         3.634e-03  0.999993508    3.906e-03
  2 raw_recur         4.086e-03  0.999991863    6.104e-05
  2 pre_out_proj      6.595e-03  0.999978400    5.859e-03
  2 block_out         7.750e-03  0.999970190    2.930e-03
  2 post_gdn          3.392e-03  0.999994330    6.692e-04
  2 post_moe          3.182e-03  0.999994965    6.692e-04
  3 in                3.436e-03  0.999994126    6.614e-04
  3 hc_pre_mixed      8.077e-03  0.999967453    2.344e-02
  3 hc_pre_inj        0.000e+00  1.000000000    0.000e+00
  3 qkvz_preconv      3.562e-03  0.999993655    3.125e-02
  3 gates             1.198e-03  0.999999405    2.235e-03
  3 post_conv         3.928e-03  0.999992304    3.906e-03
  3 raw_recur         1.080e-02  0.999942416    1.831e-04
  3 pre_out_proj      2.323e-02  0.999730516    1.562e-02
  3 block_out         2.756e-02  0.999620118    8.301e-03
  3 post_gdn          4.867e-03  0.999988194    6.609e-04
  3 post_moe          6.829e-03  0.999976681    6.754e-04
  3 attn_in           3.182e-03  0.999994965    6.692e-04
  3 post_attn         3.231e-03  0.999994805    6.609e-04
  4 in                6.829e-03  0.999976681    6.754e-04
  4 hc_pre_mixed      1.437e-02  0.999897081    3.906e-02
  4 hc_pre_inj        1.488e-02  0.999996669    7.960e-04
  4 qkvz_preconv      5.903e-03  0.999983058    6.250e-02
  4 gates             2.114e-03  0.999997820    4.632e-03
  4 post_conv         5.945e-03  0.999982374    7.812e-03
  4 raw_recur         8.323e-03  0.999975136    1.831e-04
  4 pre_out_proj      1.318e-02  0.999914552    5.859e-03
  4 block_out         1.480e-02  0.999894628    3.906e-03
  4 post_gdn          7.322e-03  0.999973265    6.776e-04
  4 post_moe          7.592e-03  0.999971207    6.736e-04
  5 in                7.592e-03  0.999971207    6.736e-04
  5 hc_pre_mixed      1.576e-02  0.999875866    3.174e-02
  5 hc_pre_inj        0.000e+00  1.000000000    0.000e+00
  5 qkvz_preconv      6.585e-03  0.999978504    6.250e-02
  5 gates             1.868e-03  0.999998280    4.533e-03
  5 post_conv         6.410e-03  0.999979581    1.172e-02
  5 raw_recur         4.011e-03  0.999992561    4.883e-04
  5 pre_out_proj      9.852e-03  0.999951639    7.812e-03
  5 block_out         8.079e-03  0.999967571    6.348e-03
  5 post_gdn          7.587e-03  0.999971240    6.736e-04
  5 post_moe          7.805e-03  0.999969545    6.915e-04
  6 in                7.716e-03  0.999970262    7.181e-04
  6 hc_pre_mixed      1.134e-02  0.999936712    2.246e-02
  6 hc_pre_inj        0.000e+00  1.000000000    0.000e+00
  6 qkvz_preconv      4.568e-03  0.999989605    6.250e-02
  6 gates             1.764e-03  0.999998451    4.246e-03
  6 post_conv         4.001e-03  0.999992420    7.812e-03
  6 raw_recur         1.272e-03  0.999999204    1.221e-04
  6 pre_out_proj      1.650e-02  0.999867205    3.418e-03
  6 block_out         1.768e-02  0.999847137    2.930e-03
  6 post_gdn          7.794e-03  0.999969670    7.150e-04
  6 post_moe          7.791e-03  0.999969688    7.150e-04
  7 in                7.791e-03  0.999969688    7.150e-04
  7 hc_pre_mixed      1.114e-02  0.999937960    2.344e-02
  7 hc_pre_inj        0.000e+00  1.000000000    0.000e+00
  7 qkvz_preconv      4.532e-03  0.999989781    3.125e-02
  7 gates             8.304e-04  0.999999657    2.583e-03
  7 post_conv         4.443e-03  0.999990239    3.906e-03
  7 raw_recur         5.180e-03  0.999989610    1.221e-04
  7 pre_out_proj      9.877e-03  0.999951904    3.906e-03
  7 block_out         1.201e-02  0.999929194    2.686e-03
  7 post_gdn          7.736e-03  0.999970117    7.152e-04
  7 post_moe          7.708e-03  0.999970335    7.152e-04
  7 attn_in           7.805e-03  0.999969545    6.915e-04
  7 post_attn         7.669e-03  0.999970600    6.950e-04
  8 in                7.708e-03  0.999970335    7.152e-04
  8 hc_pre_mixed      1.024e-02  0.999947646    2.344e-02
  8 hc_pre_inj        2.789e-03  0.999996142    4.230e-05
  8 qkvz_preconv      4.342e-03  0.999990579    6.250e-02
  8 gates             9.271e-04  0.999999573    2.298e-03
  8 post_conv         4.533e-03  0.999989757    3.906e-03
  8 raw_recur         5.048e-03  0.999987968    1.221e-04
  8 pre_out_proj      1.056e-02  0.999944251    3.998e-03
  8 block_out         1.205e-02  0.999927679    2.930e-03
  8 post_gdn          7.674e-03  0.999970592    7.133e-04
  8 post_moe          7.647e-03  0.999970788    7.133e-04
  9 in                8.610e-03  0.999962984    7.145e-04
  9 hc_pre_mixed      1.337e-02  0.999911129    3.125e-02
  9 hc_pre_inj        5.146e-04  0.999999868    1.319e-05
  9 qkvz_preconv      5.459e-03  0.999985223    6.250e-02
  9 gates             1.554e-03  0.999998799    5.852e-03
  9 post_conv         5.298e-03  0.999985980    3.906e-03
  9 raw_recur         6.521e-03  0.999978748    1.221e-04
  9 pre_out_proj      1.049e-02  0.999946097    1.172e-02
  9 block_out         1.300e-02  0.999920501    3.906e-03
  9 post_gdn          8.629e-03  0.999962845    7.154e-04
  9 post_moe          2.875e-02  0.999586773    2.334e-03
 10 in                2.875e-02  0.999586773    2.334e-03
 10 hc_pre_mixed      7.127e-02  0.997465715    1.875e-01
 10 hc_pre_inj        2.282e-02  0.999879459    8.799e-04
 10 qkvz_preconv      3.162e-02  0.999507592    3.438e-01
 10 gates             6.999e-03  0.999975928    1.344e-02
 10 post_conv         2.219e-02  0.999753985    1.758e-02
 10 raw_recur         1.939e-02  0.999812019    3.357e-04
 10 pre_out_proj      5.283e-02  0.998609080    1.758e-02
 10 block_out         6.224e-02  0.998064414    1.123e-02
 10 post_gdn          2.769e-02  0.999616672    2.168e-03
 10 post_moe          2.824e-02  0.999601236    2.148e-03
 11 in                2.824e-02  0.999601236    2.148e-03
 11 hc_pre_mixed      6.358e-02  0.997976572    1.484e-01
 11 hc_pre_inj        3.775e-03  0.999992983    9.516e-05
 11 qkvz_preconv      2.912e-02  0.999576298    2.500e-01
 11 gates             6.425e-03  0.999979894    2.329e-02
 11 post_conv         2.279e-02  0.999749035    3.125e-02
 11 raw_recur         1.734e-02  0.999876440    2.441e-04
 11 pre_out_proj      3.911e-02  0.999235153    2.051e-02
 11 block_out         5.185e-02  0.998670720    1.416e-02
 11 post_gdn          2.769e-02  0.999616561    2.122e-03
 11 post_moe          3.240e-02  0.999474904    2.533e-03
 11 attn_in           7.647e-03  0.999970788    7.133e-04
 11 post_attn         8.514e-03  0.999963835    7.154e-04
 12 in                2.958e-02  0.999562574    2.288e-03
 12 hc_pre_mixed      5.902e-02  0.998256575    1.875e-01
 12 hc_pre_inj        3.472e-03  0.999994041    1.183e-04
 12 qkvz_preconv      2.266e-02  0.999743643    3.438e-01
 12 gates             3.013e-03  0.999995472    1.097e-02
 12 post_conv         1.860e-02  0.999840094    6.250e-02
 12 raw_recur         1.624e-02  0.999916753    2.441e-04
 12 pre_out_proj      4.504e-02  0.998992555    1.953e-02
 12 block_out         5.848e-02  0.998310122    1.294e-02
 12 post_gdn          2.904e-02  0.999578500    2.257e-03
 12 post_moe          3.197e-02  0.999489209    2.344e-03
 13 in                3.197e-02  0.999489209    2.344e-03
 13 hc_pre_mixed      6.150e-02  0.998107183    1.562e-01
 13 hc_pre_inj        8.163e-03  0.999968932    4.922e-04
 13 qkvz_preconv      2.658e-02  0.999649170    2.500e-01
 13 gates             5.869e-03  0.999983762    1.653e-02
 13 post_conv         2.055e-02  0.999797321    2.734e-02
 13 raw_recur         2.096e-02  0.999784370    2.441e-04
 13 pre_out_proj      6.297e-02  0.998022995    1.807e-02
 13 block_out         6.696e-02  0.997762019    1.248e-02
 13 post_gdn          3.085e-02  0.999524678    2.292e-03
 13 post_moe          3.855e-02  0.999257381    2.818e-03
 14 in                3.855e-02  0.999257381    2.818e-03
 14 hc_pre_mixed      8.824e-02  0.996113991    2.852e-01
 14 hc_pre_inj        2.000e-02  0.999902397    7.843e-04
 14 qkvz_preconv      3.802e-02  0.999291213    3.594e-01
 14 gates             7.406e-03  0.999972622    1.460e-02
 14 post_conv         3.979e-02  0.999225013    6.348e-02
 14 raw_recur         1.548e-02  0.999910331    4.883e-04
 14 pre_out_proj      5.485e-02  0.998526756    3.516e-02
 14 block_out         7.271e-02  0.997431087    3.119e-02
 14 post_gdn          3.672e-02  0.999326085    3.084e-03
 14 post_moe          4.329e-02  0.999068067    3.808e-03
 15 in                4.451e-02  0.999016463    4.133e-03
 15 hc_pre_mixed      7.750e-02  0.996993627    2.090e-01
 15 hc_pre_inj        3.127e-03  0.999995160    1.471e-04
 15 qkvz_preconv      3.467e-02  0.999400075    3.037e-01
 15 gates             9.877e-03  0.999951395    2.307e-02
 15 post_conv         2.685e-02  0.999640987    7.031e-02
 15 raw_recur         2.702e-02  0.999652673    9.766e-04
 15 pre_out_proj      4.109e-02  0.999160871    3.418e-02
 15 block_out         6.979e-02  0.997562102    3.406e-02
 15 post_gdn          4.235e-02  0.999109217    4.081e-03
 15 post_moe          4.724e-02  0.998890540    4.478e-03
 15 attn_in           3.240e-02  0.999474904    2.533e-03
 15 post_attn         2.927e-02  0.999571520    2.310e-03
 16 in                4.724e-02  0.998890540    4.478e-03
 16 hc_pre_mixed      7.849e-02  0.996920067    2.056e-01
 16 hc_pre_inj        2.356e-02  0.999912206    2.017e-03
 16 qkvz_preconv      3.318e-02  0.999456718    3.281e-01
 16 gates             1.159e-02  0.999942840    3.340e-02
 16 post_conv         2.245e-02  0.999749821    5.078e-02
 16 raw_recur         1.738e-02  0.999885549    4.883e-04
 16 pre_out_proj      5.279e-02  0.998679614    9.277e-03
 16 block_out         6.850e-02  0.997760697    8.667e-03
 16 post_gdn          4.633e-02  0.998933606    4.602e-03
 16 post_moe          6.935e-02  0.997594770    7.012e-03
 17 in                6.935e-02  0.997594770    7.012e-03
 17 hc_pre_mixed      9.752e-02  0.995236094    2.317e-01
 17 hc_pre_inj        6.292e-04  0.999999802    1.183e-04
 17 qkvz_preconv      3.552e-02  0.999368886    3.789e-01
 17 gates             1.425e-02  0.999903339    2.861e-02
 17 post_conv         2.040e-02  0.999795011    4.102e-02
 17 raw_recur         1.792e-02  0.999871382    5.859e-03
 17 pre_out_proj      5.062e-02  0.998757717    2.930e-02
 17 block_out         5.357e-02  0.998919377    2.734e-02
 17 post_gdn          5.670e-02  0.998452680    6.988e-03
 17 post_moe          6.547e-02  0.997939383    8.651e-03
 18 in                6.674e-02  0.997908565    9.843e-03
 18 hc_pre_mixed      9.755e-02  0.995267628    2.539e-01
 18 hc_pre_inj        3.918e-02  0.999871397    1.832e-02
 18 qkvz_preconv      3.826e-02  0.999284969    4.375e-01
 18 gates             1.720e-02  0.999884433    3.633e-02
 18 post_conv         2.797e-02  0.999609695    7.812e-02
 18 raw_recur         9.866e-03  0.999960984    9.766e-04
 18 pre_out_proj      6.892e-02  0.998015151    1.318e-02
 18 block_out         6.864e-02  0.998067340    5.775e-03
 18 post_gdn          6.540e-02  0.998069440    1.125e-02
 18 post_moe          6.730e-02  0.997945160    1.139e-02
 19 in                6.730e-02  0.997945160    1.139e-02
 19 hc_pre_mixed      8.121e-02  0.996699349    1.953e-01
 19 hc_pre_inj        2.938e-02  0.999999900    3.204e-03
 19 qkvz_preconv      3.528e-02  0.999385877    2.734e-01
 19 gates             1.333e-02  0.999928417    3.161e-02
 19 post_conv         3.125e-02  0.999522786    7.617e-02
 19 raw_recur         2.421e-02  0.999709607    1.099e-03
 19 pre_out_proj      5.303e-02  0.998615084    2.539e-02
 19 block_out         7.518e-02  0.997172356    1.953e-02
 19 post_gdn          6.628e-02  0.998005537    1.121e-02
 19 post_moe          6.853e-02  0.997838814    1.108e-02
 19 attn_in           4.329e-02  0.999068067    3.808e-03
 19 post_attn         4.202e-02  0.999122384    3.672e-03
 20 in                6.853e-02  0.997838814    1.108e-02
 20 hc_pre_mixed      8.051e-02  0.996757703    1.953e-01
 20 hc_pre_inj        2.446e-02  0.999895326    2.310e-03
 20 qkvz_preconv      3.447e-02  0.999423591    2.808e-01
 20 gates             7.795e-03  0.999970132    2.702e-02
 20 post_conv         2.965e-02  0.999562462    3.516e-02
 20 raw_recur         2.463e-02  0.999744556    1.465e-03
 20 pre_out_proj      5.760e-02  0.998344575    2.539e-02
 20 block_out         8.085e-02  0.996734596    2.147e-02
 20 post_gdn          6.738e-02  0.997913143    1.069e-02
 20 post_moe          6.889e-02  0.997801885    1.030e-02
 21 in                6.951e-02  0.997681615    9.993e-03
 21 hc_pre_mixed      7.805e-02  0.996950249    2.344e-01
 21 hc_pre_inj        1.127e-02  0.999940189    2.121e-03
 21 qkvz_preconv      3.212e-02  0.999485366    3.047e-01
 21 gates             7.303e-03  0.999974628    3.381e-02
 21 post_conv         4.079e-02  0.999173361    8.203e-02
 21 raw_recur         2.725e-02  0.999629161    8.545e-04
 21 pre_out_proj      4.944e-02  0.998777374    5.859e-02
 21 block_out         5.970e-02  0.998232765    1.807e-02
 21 post_gdn          6.771e-02  0.997804648    1.001e-02
 21 post_moe          6.878e-02  0.997727938    1.182e-02
 22 in                6.878e-02  0.997727938    1.182e-02
 22 hc_pre_mixed      7.580e-02  0.997131935    2.383e-01
 22 hc_pre_inj        2.188e-02  0.999915934    6.192e-03
 22 qkvz_preconv      3.345e-02  0.999442385    2.500e-01
 22 gates             6.644e-03  0.999978606    1.747e-02
 22 post_conv         2.955e-02  0.999566416    3.125e-02
 22 raw_recur         2.894e-02  0.999591501    6.409e-04
 22 pre_out_proj      5.920e-02  0.998259126    1.538e-02
 22 block_out         7.416e-02  0.997259697    1.465e-02
 22 post_gdn          6.790e-02  0.997788633    1.181e-02
 22 post_moe          6.794e-02  0.997769066    1.167e-02
 23 in                6.794e-02  0.997769066    1.167e-02
 23 hc_pre_mixed      7.162e-02  0.997434963    2.517e-01
 23 hc_pre_inj        3.110e-03  0.999995176    8.572e-04
 23 qkvz_preconv      3.118e-02  0.999514139    2.734e-01
 23 gates             5.642e-03  0.999984544    1.606e-02
 23 post_conv         2.343e-02  0.999732062    3.125e-02
 23 raw_recur         1.872e-02  0.999825335    3.052e-04
 23 pre_out_proj      4.176e-02  0.999128508    2.319e-02
 23 block_out         6.374e-02  0.997982481    1.585e-02
 23 post_gdn          6.629e-02  0.997877648    1.171e-02
 23 post_moe          6.566e-02  0.997901276    1.389e-02
 23 attn_in           6.547e-02  0.997939383    8.651e-03
 23 post_attn         6.450e-02  0.998022150    8.949e-03
 24 in                6.308e-02  0.998077932    1.434e-02
 24 hc_pre_mixed      5.690e-02  0.998380393    1.693e-01
 24 hc_pre_inj        6.707e-03  0.999999920    1.848e-03
 24 qkvz_preconv      2.153e-02  0.999771210    3.125e-01
 24 gates             3.606e-03  0.999993613    8.774e-03
 24 post_conv         3.766e-02  0.999299008    9.375e-02
 24 raw_recur         1.509e-02  0.999892894    4.883e-04
 24 pre_out_proj      5.151e-02  0.998690937    2.930e-02
 24 block_out         5.960e-02  0.998222830    1.111e-02
 24 post_gdn          6.256e-02  0.998107765    1.418e-02
 24 post_moe          6.493e-02  0.997946012    1.685e-02
 25 in                6.493e-02  0.997946012    1.685e-02
 25 hc_pre_mixed      6.173e-02  0.998093119    1.641e-01
 25 hc_pre_inj        8.897e-03  0.999990254    4.703e-03
 25 qkvz_preconv      2.485e-02  0.999691998    2.656e-01
 25 gates             5.920e-03  0.999982574    1.801e-02
 25 post_conv         1.953e-02  0.999809627    3.516e-02
 25 raw_recur         2.588e-02  0.999838239    6.104e-04
 25 pre_out_proj      6.115e-02  0.998174810    2.441e-02
 25 block_out         6.965e-02  0.997609964    1.807e-02
 25 post_gdn          6.410e-02  0.997998181    1.677e-02
 25 post_moe          6.398e-02  0.997972743    1.706e-02
 26 in                6.398e-02  0.997972743    1.706e-02
 26 hc_pre_mixed      6.114e-02  0.998135529    1.562e-01
 26 hc_pre_inj        1.545e-02  0.999993981    1.034e-02
 26 qkvz_preconv      2.656e-02  0.999650337    2.734e-01
 26 gates             9.257e-03  0.999957519    2.654e-02
 26 post_conv         3.599e-02  0.999352786    4.688e-02
 26 raw_recur         1.669e-02  0.999904016    6.104e-04
 26 pre_out_proj      4.658e-02  0.998938686    1.660e-02
 26 block_out         6.011e-02  0.998211114    1.270e-02
 26 post_gdn          6.264e-02  0.998053981    1.709e-02
 26 post_moe          6.253e-02  0.998053054    1.713e-02
 27 in                6.012e-02  0.998199957    2.147e-02
 27 hc_pre_mixed      5.493e-02  0.998495125    1.445e-01
 27 hc_pre_inj        5.887e-03  1.000000000    2.920e-03
 27 qkvz_preconv      2.639e-02  0.999662547    2.500e-01
 27 gates             6.609e-03  0.999978308    1.457e-02
 27 post_conv         3.118e-02  0.999513657    8.203e-02
 27 raw_recur         1.627e-02  0.999875740    2.441e-04
 27 pre_out_proj      4.238e-02  0.999120973    8.594e-02
 27 block_out         4.696e-02  0.998903970    3.809e-02
 27 post_gdn          5.361e-02  0.998564941    2.756e-02
 27 post_moe          7.118e-02  0.997466043    4.645e-02
 27 attn_in           6.889e-02  0.997801885    1.030e-02
 27 post_attn         6.672e-02  0.997944782    1.026e-02
 28 in                7.118e-02  0.997466043    4.645e-02
 28 hc_pre_mixed      6.361e-02  0.997975768    1.445e-01
 28 hc_pre_inj        3.809e-03  0.999995389    1.554e-03
 28 qkvz_preconv      2.756e-02  0.999620135    2.344e-01
 28 gates             9.513e-03  0.999960298    1.944e-02
 28 post_conv         3.615e-02  0.999348881    7.031e-02
 28 raw_recur         1.812e-02  0.999836114    3.052e-04
 28 pre_out_proj      5.541e-02  0.998499723    2.721e-02
 28 block_out         7.123e-02  0.997528320    4.785e-02
 28 post_gdn          7.087e-02  0.997488689    4.609e-02
 28 post_moe          7.198e-02  0.997412798    4.650e-02
 29 in                7.198e-02  0.997412798    4.650e-02
 29 hc_pre_mixed      6.509e-02  0.997884640    1.632e-01
 29 hc_pre_inj        1.868e-02  0.999999797    7.393e-03
 29 qkvz_preconv      2.363e-02  0.999725327    2.500e-01
 29 gates             1.083e-02  0.999941457    2.232e-02
 29 post_conv         2.520e-02  0.999683450    6.250e-02
 29 raw_recur         1.157e-02  0.999938076    3.418e-03
 29 pre_out_proj      3.985e-02  0.999213461    2.734e-02
 29 block_out         5.411e-02  0.998539088    1.343e-02
 29 post_gdn          7.192e-02  0.997416730    4.649e-02
 29 post_moe          6.994e-02  0.997557226    4.632e-02
 30 in                6.761e-02  0.997712606    5.544e-02
 30 hc_pre_mixed      6.343e-02  0.998000809    2.031e-01
 30 hc_pre_inj        8.742e-03  0.999962861    5.728e-03
 30 qkvz_preconv      2.561e-02  0.999674339    4.062e-01
 30 gates             9.893e-03  0.999955719    2.601e-02
 30 post_conv         4.124e-02  0.999153560    1.172e-01
 30 raw_recur         2.032e-02  0.999828550    2.930e-03
 30 pre_out_proj      5.129e-02  0.998690223    2.930e-02
 30 block_out         6.038e-02  0.998193977    2.148e-02
 30 post_gdn          6.667e-02  0.997776688    5.554e-02
 30 post_moe          7.603e-02  0.997107109    6.017e-02
 31 in                7.603e-02  0.997107109    6.017e-02
 31 hc_pre_mixed      6.981e-02  0.997562757    2.285e-01
 31 hc_pre_inj        7.935e-03  0.999968554    5.896e-03
 31 qkvz_preconv      2.898e-02  0.999583456    3.750e-01
 31 gates             1.061e-02  0.999944348    2.649e-02
 31 post_conv         4.497e-02  0.998992189    8.594e-02
 31 raw_recur         3.183e-02  0.999637031    5.859e-03
 31 pre_out_proj      6.302e-02  0.998069570    4.688e-02
 31 block_out         6.689e-02  0.997794417    3.027e-02
 31 post_gdn          7.410e-02  0.997254545    6.011e-02
 31 post_moe          7.458e-02  0.997226545    6.987e-02
 31 attn_in           6.566e-02  0.997901276    1.389e-02
 31 post_attn         6.382e-02  0.998030324    1.299e-02
 32 in                7.458e-02  0.997226545    6.987e-02
 32 hc_pre_mixed      7.048e-02  0.997515373    2.344e-01
 32 hc_pre_inj        1.581e-02  0.999875252    1.139e-02
 32 qkvz_preconv      3.026e-02  0.999542143    3.281e-01
 32 gates             1.237e-02  0.999923929    2.664e-02
 32 post_conv         4.707e-02  0.998900062    6.702e-02
 32 raw_recur         4.146e-02  0.999142062    7.324e-04
 32 pre_out_proj      7.549e-02  0.997155964    4.492e-02
 32 block_out         8.588e-02  0.996328339    2.588e-02
 32 post_gdn          7.291e-02  0.997351931    6.995e-02
 32 post_moe          7.060e-02  0.997516085    7.030e-02
 33 in                7.060e-02  0.997517451    6.888e-02
 33 hc_pre_mixed      7.255e-02  0.997366826    2.500e-01
 33 hc_pre_inj        6.715e-03  0.999994333    2.746e-03
 33 qkvz_preconv      2.631e-02  0.999654098    5.000e-01
 33 gates             1.509e-02  0.999892753    5.163e-02
 33 post_conv         2.367e-02  0.999722460    1.250e-01
 33 raw_recur         2.457e-02  0.999820806    3.906e-03
 33 pre_out_proj      2.546e-02  0.999683919    7.031e-02
 33 block_out         7.136e-02  0.997506286    6.055e-02
 33 post_gdn          6.919e-02  0.997613316    6.929e-02
 33 post_moe          6.953e-02  0.997587310    6.914e-02
 34 in                6.953e-02  0.997587310    6.914e-02
 34 hc_pre_mixed      6.450e-02  0.997921627    1.785e-01
 34 hc_pre_inj        9.265e-03  0.999994534    1.281e-02
 34 qkvz_preconv      2.557e-02  0.999680947    3.594e-01
 34 gates             1.005e-02  0.999949548    2.769e-02
 34 post_conv         5.060e-02  0.998720488    6.641e-02
 34 raw_recur         4.432e-02  0.999058718    1.709e-03
 34 pre_out_proj      4.133e-02  0.999145942    1.562e-01
 34 block_out         4.949e-02  0.998777684    6.836e-02
 34 post_gdn          5.622e-02  0.998430377    1.109e-01
 34 post_moe          5.616e-02  0.998434065    1.125e-01
 35 in                5.616e-02  0.998434065    1.125e-01
 35 hc_pre_mixed      6.255e-02  0.998041848    2.344e-01
 35 hc_pre_inj        1.251e-02  0.999999717    1.823e-02
 35 qkvz_preconv      2.365e-02  0.999723795    3.314e-01
 35 gates             1.881e-02  0.999823000    7.784e-02
 35 post_conv         4.706e-02  0.998904312    9.375e-02
 35 raw_recur         4.421e-02  0.999080630    7.324e-04
 35 pre_out_proj      8.862e-02  0.996102021    2.891e-01
 35 block_out         1.099e-01  0.993989301    2.656e-01
 35 post_gdn          8.846e-02  0.996170459    3.986e-01
 35 post_moe          8.832e-02  0.996183736    3.984e-01
 35 attn_in           6.253e-02  0.998053054    1.713e-02
 35 post_attn         6.052e-02  0.998175620    1.808e-02
 39 attn_in           6.994e-02  0.997557226    4.632e-02
 39 post_attn         6.849e-02  0.997654333    5.231e-02
 43 attn_in           7.060e-02  0.997516085    7.030e-02
 43 post_attn         6.992e-02  0.997564647    6.911e-02
 47 attn_in           8.832e-02  0.996183736    3.984e-01
 47 post_attn         8.774e-02  0.996233526    4.038e-01
