cold=cold/dump base=0 T=3712 tok0=0
warm=warm/dump base=72 T=464 tok0=3248
overlap tokens [3248,3712)  N=464  cold_rows[3248:3712] warm_rows[0:464]
 mL kind stage                relL2        cosine      maxabs  bitex      ndiff   row0  shape
  0 ssm  in               0.000e+00   1.000000000   0.000e+00    YES          0     -1  (464, 10240)
  0 ssm  hc_pre_mixed     0.000e+00   1.000000000   0.000e+00    YES          0     -1  (464, 2560)
  0 ssm  hc_pre_inj       0.000e+00   1.000000000   0.000e+00    YES          0     -1  (464, 4)
  0 ssm  qkvz_preconv     0.000e+00   1.000000000   0.000e+00    YES          0     -1  (464, 16384)
  0 ssm  gates            0.000e+00   1.000000000   0.000e+00    YES          0     -1  (464, 96)
  0 ssm  post_conv        0.000e+00   1.000000000   0.000e+00    YES          0     -1  (464, 10240)
  0 ssm  raw_recur        0.000e+00   1.000000000   0.000e+00    YES          0     -1  (464, 6144)
  0 ssm  pre_out_proj     0.000e+00   1.000000000   0.000e+00    YES          0     -1  (464, 6144)
  0 ssm  block_out        0.000e+00   1.000000000   0.000e+00    YES          0     -1  (464, 2560)
  0 ssm  post_gdn         0.000e+00   1.000000000   0.000e+00    YES          0     -1  (464, 10240)
  0 ssm  post_moe         3.982e-04   0.999999921   1.761e-03     no     302411      0  (464, 10240)
  1 ssm  in               4.279e-01   0.907294221   3.245e-01     no    4751360      0  (464, 10240)
  1 ssm  hc_pre_mixed     5.259e-01   0.860710499   3.914e+00     no    1174742      0  (464, 2560)
  1 ssm  hc_pre_inj       4.694e-02   0.998910695   9.765e-03     no       1642      0  (464, 4)
  1 ssm  qkvz_preconv     1.572e-01   0.987589362   6.594e+00     no    7471986      0  (464, 16384)
  1 ssm  gates            6.864e-02   0.997646490   6.381e-01     no      43993      0  (464, 96)
  1 ssm  post_conv        1.968e-01   0.980553765   2.520e-01     no    4696043      0  (464, 10240)
  1 ssm  raw_recur        1.201e-01   0.992761949   8.423e-03     no    2820300      0  (464, 6144)
  1 ssm  pre_out_proj     3.427e-01   0.940534099   1.753e+00     no    2831305      0  (464, 6144)
  1 ssm  block_out        3.665e-01   0.931933471   3.227e+00     no    1179880      0  (464, 2560)
  1 ssm  post_gdn         4.325e-01   0.905202019   3.244e-01     no    4751359      0  (464, 10240)
  1 ssm  post_moe         4.343e-01   0.904397394   3.245e-01     no    4751358      0  (464, 10240)
  2 ssm  in               4.343e-01   0.904397394   3.245e-01     no    4751358      0  (464, 10240)
  2 ssm  hc_pre_mixed     4.280e-01   0.908656079   7.797e+00     no    1180495      0  (464, 2560)
  2 ssm  hc_pre_inj       6.155e-02   0.998231099   1.512e-02     no       1614      0  (464, 4)
  2 ssm  qkvz_preconv     1.802e-01   0.983785239   1.600e+01     no    7491422      0  (464, 16384)
  2 ssm  gates            5.983e-02   0.998218087   7.537e-01     no      44501      0  (464, 96)
  2 ssm  post_conv        2.134e-01   0.977328297   3.500e+00     no    4702956      0  (464, 10240)
  2 ssm  raw_recur        1.589e-01   0.987522518   8.453e-03     no    2823739      0  (464, 6144)
  2 ssm  pre_out_proj     3.186e-01   0.949448045   1.907e+00     no    2830301      0  (464, 6144)
  2 ssm  block_out        3.541e-01   0.937311860   2.273e+00     no    1180875      0  (464, 2560)
  2 ssm  post_gdn         4.327e-01   0.905081024   3.246e-01     no    4751360      0  (464, 10240)
  2 ssm  post_moe         3.778e-01   0.927278179   3.256e-01     no    4751360      0  (464, 10240)
  3 attn attn_in          3.778e-01   0.927278179   3.256e-01     no    4751360      0  (464, 10240)
  3 attn post_attn        3.790e-01   0.926777349   3.256e-01     no    4751359      0  (464, 10240)
  4 ssm  in               3.800e-01   0.926405032   3.259e-01     no    4751358      0  (464, 10240)
  4 ssm  hc_pre_mixed     3.658e-01   0.933230915   7.703e+00     no    1180056      0  (464, 2560)
  4 ssm  hc_pre_inj       7.609e-02   0.997134054   3.156e-02     no       1685      0  (464, 4)
  4 ssm  qkvz_preconv     1.532e-01   0.988222492   1.144e+01     no    7474473      0  (464, 16384)
  4 ssm  gates            6.385e-02   0.997970459   7.930e-01     no      44428      0  (464, 96)
  4 ssm  post_conv        1.754e-01   0.984501497   1.219e+00     no    4691715      0  (464, 10240)
  4 ssm  raw_recur        1.973e-01   0.980920604   1.663e-02     no    2828104      0  (464, 6144)
  4 ssm  pre_out_proj     3.923e-01   0.922764405   4.734e+00     no    2833769      0  (464, 6144)
  4 ssm  block_out        4.376e-01   0.901592053   1.174e+00     no    1182268      0  (464, 2560)
  4 ssm  post_gdn         3.808e-01   0.926068806   3.576e-01     no    4751358      0  (464, 10240)
  4 ssm  post_moe         3.821e-01   0.925636275   3.587e-01     no    4751360      0  (464, 10240)
  5 ssm  in               3.821e-01   0.925636275   3.587e-01     no    4751360      0  (464, 10240)
  5 ssm  hc_pre_mixed     3.649e-01   0.934190279   8.062e+00     no    1179665      0  (464, 2560)
  5 ssm  hc_pre_inj       8.278e-02   0.996597221   3.638e-02     no       1719      0  (464, 4)
  5 ssm  qkvz_preconv     1.473e-01   0.989184656   9.146e+00     no    7476452      0  (464, 16384)
  5 ssm  gates            5.445e-02   0.998526256   6.379e-01     no      44450      0  (464, 96)
  5 ssm  post_conv        1.745e-01   0.984716548   9.062e-01     no    4691354      0  (464, 10240)
  5 ssm  raw_recur        1.511e-01   0.988524182   2.502e-02     no    2829447      0  (464, 6144)
  5 ssm  pre_out_proj     3.436e-01   0.940789653   1.755e+00     no    2833905      0  (464, 6144)
  5 ssm  block_out        3.911e-01   0.922277797   7.129e-01     no    1181900      0  (464, 2560)
  5 ssm  post_gdn         3.788e-01   0.926888603   3.274e-01     no    4751359      0  (464, 10240)
  5 ssm  post_moe         3.838e-01   0.924924546   3.298e-01     no    4751360      0  (464, 10240)
  6 ssm  in               3.838e-01   0.924924546   3.298e-01     no    4751360      0  (464, 10240)
  6 ssm  hc_pre_mixed     3.862e-01   0.925847147   3.969e+00     no    1180970      0  (464, 2560)
  6 ssm  hc_pre_inj       1.059e-01   0.994611244   1.881e-02     no       1643      0  (464, 4)
  6 ssm  qkvz_preconv     1.780e-01   0.984094906   7.883e+00     no    7502688      0  (464, 16384)
  6 ssm  gates            4.775e-02   0.998864569   5.755e-01     no      44510      0  (464, 96)
  6 ssm  post_conv        2.204e-01   0.975484893   9.180e-01     no    4709813      0  (464, 10240)
  6 ssm  raw_recur        1.554e-01   0.987914071   3.125e-02     no    2831444      0  (464, 6144)
  6 ssm  pre_out_proj     2.958e-01   0.956765201   1.916e+00     no    2834835      0  (464, 6144)
  6 ssm  block_out        3.010e-01   0.955072295   2.289e+00     no    1180327      0  (464, 2560)
  6 ssm  post_gdn         3.842e-01   0.924799314   3.298e-01     no    4751359      0  (464, 10240)
  6 ssm  post_moe         3.861e-01   0.924165535   3.272e-01     no    4751358      0  (464, 10240)
  7 attn attn_in          3.861e-01   0.924165535   3.272e-01     no    4751358      0  (464, 10240)
  7 attn post_attn        3.765e-01   0.927941149   3.273e-01     no    4751360      0  (464, 10240)
  8 ssm  in               3.757e-01   0.928361418   3.246e-01     no    4751360      0  (464, 10240)
  8 ssm  hc_pre_mixed     5.017e-01   0.874151933   4.297e+00     no    1182295      0  (464, 2560)
  8 ssm  hc_pre_inj       1.253e-01   0.993237440   1.607e-01     no       1745      0  (464, 4)
  8 ssm  qkvz_preconv     1.678e-01   0.985855763   7.531e+00     no    7501238      0  (464, 16384)
  8 ssm  gates            6.458e-02   0.997915926   7.237e-01     no      44100      0  (464, 96)
  8 ssm  post_conv        2.089e-01   0.978227740   1.660e+00     no    4717545      0  (464, 10240)
  8 ssm  raw_recur        1.576e-01   0.991975704   3.662e-02     no    2838974      0  (464, 6144)
  8 ssm  pre_out_proj     5.388e-01   0.852535922   6.436e-01     no    2840700      0  (464, 6144)
  8 ssm  block_out        5.219e-01   0.859462851   7.852e-01     no    1183060      0  (464, 2560)
  8 ssm  post_gdn         3.763e-01   0.928119655   3.551e-01     no    4751359      0  (464, 10240)
  8 ssm  post_moe         3.778e-01   0.927550163   3.561e-01     no    4751357      0  (464, 10240)
  9 ssm  in               3.778e-01   0.927550163   3.561e-01     no    4751357      0  (464, 10240)
  9 ssm  hc_pre_mixed     4.105e-01   0.916585153   6.348e+00     no    1181842      0  (464, 2560)
  9 ssm  hc_pre_inj       1.108e-01   0.994164462   2.602e-02     no       1714      0  (464, 4)
  9 ssm  qkvz_preconv     1.939e-01   0.981184970   8.281e+00     no    7516071      0  (464, 16384)
  9 ssm  gates            4.657e-02   0.998919764   6.055e-01     no      44500      0  (464, 96)
  9 ssm  post_conv        2.244e-01   0.974729685   1.043e+00     no    4716266      0  (464, 10240)
  9 ssm  raw_recur        2.341e-01   0.973632431   1.428e-02     no    2835053      0  (464, 6144)
  9 ssm  pre_out_proj     4.072e-01   0.919998752   2.168e+00     no    2837613      0  (464, 6144)
  9 ssm  block_out        4.605e-01   0.895487147   7.910e-01     no    1182560      0  (464, 2560)
  9 ssm  post_gdn         3.773e-01   0.927715218   3.245e-01     no    4751360      0  (464, 10240)
  9 ssm  post_moe         3.781e-01   0.927385860   3.336e-01     no    4751360      0  (464, 10240)
 10 ssm  in               3.781e-01   0.927385860   3.336e-01     no    4751360      0  (464, 10240)
 10 ssm  hc_pre_mixed     4.171e-01   0.914020326   5.672e+00     no    1182196      0  (464, 2560)
 10 ssm  hc_pre_inj       1.187e-01   0.993150306   3.839e-02     no       1676      0  (464, 4)
 10 ssm  qkvz_preconv     2.033e-01   0.979311709   9.227e+00     no    7516114      0  (464, 16384)
 10 ssm  gates            5.511e-02   0.998495985   5.823e-01     no      44514      0  (464, 96)
 10 ssm  post_conv        2.261e-01   0.974340286   1.168e+00     no    4711151      0  (464, 10240)
 10 ssm  raw_recur        2.144e-01   0.978682678   2.353e-02     no    2833989      0  (464, 6144)
 10 ssm  pre_out_proj     3.841e-01   0.925143556   2.641e+00     no    2837374      0  (464, 6144)
 10 ssm  block_out        4.113e-01   0.912514918   9.785e-01     no    1182175      0  (464, 2560)
 10 ssm  post_gdn         3.769e-01   0.927728765   3.213e-01     no    4751360      0  (464, 10240)
 10 ssm  post_moe         3.794e-01   0.926806344   3.212e-01     no    4751360      0  (464, 10240)
 11 attn attn_in          3.794e-01   0.926806344   3.212e-01     no    4751360      0  (464, 10240)
 11 attn post_attn        3.769e-01   0.927839993   3.217e-01     no    4751360      0  (464, 10240)
 12 ssm  in               3.790e-01   0.927063863   3.210e-01     no    4751358      0  (464, 10240)
 12 ssm  hc_pre_mixed     4.451e-01   0.900826346   4.734e+00     no    1182382      0  (464, 2560)
 12 ssm  hc_pre_inj       1.230e-01   0.992536919   3.919e-02     no       1720      0  (464, 4)
 12 ssm  qkvz_preconv     2.076e-01   0.978253197   8.562e+00     no    7520601      0  (464, 16384)
 12 ssm  gates            4.079e-02   0.999169069   5.151e-01     no      44320      0  (464, 96)
 12 ssm  post_conv        2.287e-01   0.973679074   1.752e+00     no    4711608      0  (464, 10240)
 12 ssm  raw_recur        2.163e-01   0.976985327   1.843e-02     no    2835418      0  (464, 6144)
 12 ssm  pre_out_proj     4.409e-01   0.910038522   1.485e+00     no    2838444      0  (464, 6144)
 12 ssm  block_out        4.923e-01   0.887221821   7.075e-01     no    1182843      0  (464, 2560)
 12 ssm  post_gdn         3.805e-01   0.926511697   3.222e-01     no    4751359      0  (464, 10240)
 12 ssm  post_moe         3.799e-01   0.926862051   3.203e-01     no    4751359      0  (464, 10240)
 13 ssm  in               3.799e-01   0.926862051   3.203e-01     no    4751359      0  (464, 10240)
 13 ssm  hc_pre_mixed     4.661e-01   0.891373258   5.179e+00     no    1182909      0  (464, 2560)
 13 ssm  hc_pre_inj       1.377e-01   0.990836210   6.791e-02     no       1738      0  (464, 4)
 13 ssm  qkvz_preconv     2.278e-01   0.973814336   1.152e+01     no    7528292      0  (464, 16384)
 13 ssm  gates            5.818e-02   0.998315465   7.227e-01     no      44525      0  (464, 96)
 13 ssm  post_conv        2.829e-01   0.959734342   1.008e+00     no    4722397      0  (464, 10240)
 13 ssm  raw_recur        2.380e-01   0.971507422   1.407e-02     no    2838242      0  (464, 6144)
 13 ssm  pre_out_proj     5.153e-01   0.868875399   1.863e+00     no    2840879      0  (464, 6144)
 13 ssm  block_out        5.395e-01   0.853628715   9.685e-01     no    1183333      0  (464, 2560)
 13 ssm  post_gdn         3.806e-01   0.926621646   3.191e-01     no    4751360      0  (464, 10240)
 13 ssm  post_moe         3.888e-01   0.923437221   3.204e-01     no    4751360      0  (464, 10240)
 14 ssm  in               3.888e-01   0.923437221   3.204e-01     no    4751360      0  (464, 10240)
 14 ssm  hc_pre_mixed     5.365e-01   0.854999506   6.219e+00     no    1183612      0  (464, 2560)
 14 ssm  hc_pre_inj       1.486e-01   0.989060133   7.651e-02     no       1738      0  (464, 4)
 14 ssm  qkvz_preconv     2.924e-01   0.956856210   1.200e+01     no    7542595      0  (464, 16384)
 14 ssm  gates            6.358e-02   0.997996285   7.819e-01     no      44455      0  (464, 96)
 14 ssm  post_conv        3.403e-01   0.942041705   1.773e+00     no    4724844      0  (464, 10240)
 14 ssm  raw_recur        2.931e-01   0.960922446   1.495e-02     no    2838960      0  (464, 6144)
 14 ssm  pre_out_proj     5.664e-01   0.849714709   2.719e+00     no    2841252      0  (464, 6144)
 14 ssm  block_out        6.671e-01   0.793513830   1.125e+00     no    1184058      0  (464, 2560)
 14 ssm  post_gdn         3.980e-01   0.919967370   3.206e-01     no    4751360      0  (464, 10240)
 14 ssm  post_moe         4.108e-01   0.914915221   3.192e-01     no    4751360      0  (464, 10240)
 15 attn attn_in          4.108e-01   0.914915221   3.192e-01     no    4751360      0  (464, 10240)
 15 attn post_attn        4.121e-01   0.914251517   3.185e-01     no    4751360      0  (464, 10240)
 16 ssm  in               4.263e-01   0.908407357   3.173e-01     no    4751357      0  (464, 10240)
 16 ssm  hc_pre_mixed     6.558e-01   0.788912215   8.531e+00     no    1183871      0  (464, 2560)
 16 ssm  hc_pre_inj       1.480e-01   0.989000357   5.776e-02     no       1746      0  (464, 4)
 16 ssm  qkvz_preconv     3.306e-01   0.946140507   1.403e+01     no    7538090      0  (464, 16384)
 16 ssm  gates            5.157e-02   0.998674769   7.411e-01     no      44410      0  (464, 96)
 16 ssm  post_conv        3.903e-01   0.924037105   3.285e+00     no    4719864      0  (464, 10240)
 16 ssm  raw_recur        2.893e-01   0.958234214   2.167e-02     no    2839501      0  (464, 6144)
 16 ssm  pre_out_proj     6.822e-01   0.774551815   1.112e+00     no    2842128      0  (464, 6144)
 16 ssm  block_out        7.879e-01   0.702490093   6.934e-01     no    1184521      0  (464, 2560)
 16 ssm  post_gdn         4.322e-01   0.905906484   3.187e-01     no    4751359      0  (464, 10240)
 16 ssm  post_moe         4.468e-01   0.899447720   3.191e-01     no    4751360      0  (464, 10240)
 17 ssm  in               4.468e-01   0.899447720   3.191e-01     no    4751360      0  (464, 10240)
 17 ssm  hc_pre_mixed     6.931e-01   0.761585551   8.625e+00     no    1184090      0  (464, 2560)
 17 ssm  hc_pre_inj       1.543e-01   0.988095925   1.096e-01     no       1768      0  (464, 4)
 17 ssm  qkvz_preconv     3.393e-01   0.942914871   1.580e+01     no    7546381      0  (464, 16384)
 17 ssm  gates            6.899e-02   0.997645715   7.670e-01     no      44495      0  (464, 96)
 17 ssm  post_conv        3.990e-01   0.920188136   2.613e+00     no    4728599      0  (464, 10240)
 17 ssm  raw_recur        2.492e-01   0.968859216   1.660e-02     no    2841112      0  (464, 6144)
 17 ssm  pre_out_proj     7.261e-01   0.741841251   1.032e+00     no    2843104      0  (464, 6144)
 17 ssm  block_out        8.147e-01   0.676935134   5.723e-01     no    1184828      0  (464, 2560)
 17 ssm  post_gdn         4.441e-01   0.900466621   3.124e-01     no    4751360      0  (464, 10240)
 17 ssm  post_moe         4.574e-01   0.894519661   3.128e-01     no    4751359      0  (464, 10240)
 18 ssm  in               4.574e-01   0.894519661   3.128e-01     no    4751359      0  (464, 10240)
 18 ssm  hc_pre_mixed     7.225e-01   0.738916226   9.594e+00     no    1184502      0  (464, 2560)
 18 ssm  hc_pre_inj       1.609e-01   0.986989451   9.054e-02     no       1773      0  (464, 4)
 18 ssm  qkvz_preconv     3.556e-01   0.936711486   1.419e+01     no    7551372      0  (464, 16384)
 18 ssm  gates            7.806e-02   0.996980150   8.641e-01     no      44366      0  (464, 96)
 18 ssm  post_conv        4.378e-01   0.902716108   3.910e+00     no    4729396      0  (464, 10240)
 18 ssm  raw_recur        2.074e-01   0.981587592   1.904e-02     no    2838962      0  (464, 6144)
 18 ssm  pre_out_proj     5.659e-01   0.848602389   1.048e+00     no    2842224      0  (464, 6144)
 18 ssm  block_out        7.324e-01   0.747613849   7.695e-01     no    1184667      0  (464, 2560)
 18 ssm  post_gdn         4.579e-01   0.894361243   3.159e-01     no    4751359      0  (464, 10240)
 18 ssm  post_moe         4.639e-01   0.891283253   3.251e-01     no    4751360      0  (464, 10240)
 19 attn attn_in          4.639e-01   0.891283253   3.251e-01     no    4751360      0  (464, 10240)
 19 attn post_attn        4.686e-01   0.889092855   3.217e-01     no    4751360      0  (464, 10240)
 20 ssm  in               4.789e-01   0.884138028   3.203e-01     no    4751359      0  (464, 10240)
 20 ssm  hc_pre_mixed     7.610e-01   0.717733445   6.234e+00     no    1184588      0  (464, 2560)
 20 ssm  hc_pre_inj       1.720e-01   0.985128948   9.200e-02     no       1752      0  (464, 4)
 20 ssm  qkvz_preconv     3.826e-01   0.928562767   1.253e+01     no    7550803      0  (464, 16384)
 20 ssm  gates            8.739e-02   0.996199787   7.768e-01     no      44334      0  (464, 96)
 20 ssm  post_conv        5.353e-01   0.860018541   3.034e+00     no    4725781      0  (464, 10240)
 20 ssm  raw_recur        2.544e-01   0.969460933   2.832e-02     no    2835472      0  (464, 6144)
 20 ssm  pre_out_proj     4.195e-01   0.912326473   1.529e+00     no    2838861      0  (464, 6144)
 20 ssm  block_out        7.750e-01   0.698353649   1.041e+00     no    1184677      0  (464, 2560)
 20 ssm  post_gdn         4.740e-01   0.885968175   3.198e-01     no    4751360      0  (464, 10240)
 20 ssm  post_moe         4.859e-01   0.880134802   3.221e-01     no    4751360      0  (464, 10240)
 21 ssm  in               4.859e-01   0.880134802   3.221e-01     no    4751360      0  (464, 10240)
 21 ssm  hc_pre_mixed     6.871e-01   0.764315855   5.695e+00     no    1184791      0  (464, 2560)
 21 ssm  hc_pre_inj       1.567e-01   0.988703259   2.136e-01     no       1793      0  (464, 4)
 21 ssm  qkvz_preconv     2.368e-01   0.971679273   1.209e+01     no    7540592      0  (464, 16384)
 21 ssm  gates            8.454e-02   0.996442653   8.130e-01     no      44344      0  (464, 96)
 21 ssm  post_conv        2.982e-01   0.954824374   6.072e+00     no    4720330      0  (464, 10240)
 21 ssm  raw_recur        1.884e-01   0.982477867   2.058e-02     no    2837997      0  (464, 6144)
 21 ssm  pre_out_proj     5.078e-01   0.874467299   6.377e-01     no    2841781      0  (464, 6144)
 21 ssm  block_out        6.330e-01   0.805260043   5.020e-01     no    1184388      0  (464, 2560)
 21 ssm  post_gdn         4.800e-01   0.883210125   3.285e-01     no    4751359      0  (464, 10240)
 21 ssm  post_moe         4.880e-01   0.879241885   3.200e-01     no    4751360      0  (464, 10240)
 22 ssm  in               4.880e-01   0.879241885   3.200e-01     no    4751360      0  (464, 10240)
 22 ssm  hc_pre_mixed     5.678e-01   0.840188875   4.719e+00     no    1182811      0  (464, 2560)
 22 ssm  hc_pre_inj       1.004e-01   0.995405995   1.431e-01     no       1769      0  (464, 4)
 22 ssm  qkvz_preconv     2.104e-01   0.977942122   1.107e+01     no    7519750      0  (464, 16384)
 22 ssm  gates            8.782e-02   0.996141468   8.322e-01     no      43796      0  (464, 96)
 22 ssm  post_conv        2.160e-01   0.977003179   2.617e+00     no    4709744      0  (464, 10240)
 22 ssm  raw_recur        2.003e-01   0.979995604   2.974e-01     no    2828005      0  (464, 6144)
 22 ssm  pre_out_proj     3.427e-01   0.941563921   1.696e+00     no    2834795      0  (464, 6144)
 22 ssm  block_out        2.925e-01   0.956555342   1.725e+00     no    1180436      0  (464, 2560)
 22 ssm  post_gdn         3.903e-01   0.921909464   5.394e-01     no    4751360      0  (464, 10240)
 22 ssm  post_moe         4.044e-01   0.916286505   5.472e-01     no    4751359      0  (464, 10240)
 23 attn attn_in          4.044e-01   0.916286505   5.472e-01     no    4751359      0  (464, 10240)
 23 attn post_attn        4.071e-01   0.915103044   6.156e-01     no    4751360      0  (464, 10240)
 24 ssm  in               4.221e-01   0.908698450   6.071e-01     no    4751359      0  (464, 10240)
 24 ssm  hc_pre_mixed     6.759e-01   0.772079799   5.604e+00     no    1184386      0  (464, 2560)
 24 ssm  hc_pre_inj       1.425e-01   0.990017893   7.661e-01     no       1804      0  (464, 4)
 24 ssm  qkvz_preconv     2.603e-01   0.965859128   9.562e+00     no    7537617      0  (464, 16384)
 24 ssm  gates            8.957e-02   0.995995399   7.415e-01     no      44391      0  (464, 96)
 24 ssm  post_conv        3.545e-01   0.937786229   4.152e+00     no    4725383      0  (464, 10240)
 24 ssm  raw_recur        1.652e-01   0.986281123   6.055e-02     no    2840126      0  (464, 6144)
 24 ssm  pre_out_proj     5.414e-01   0.855676694   4.014e-01     no    2842541      0  (464, 6144)
 24 ssm  block_out        5.464e-01   0.851841814   3.604e-01     no    1183742      0  (464, 2560)
 24 ssm  post_gdn         4.141e-01   0.912083099   5.898e-01     no    4751360      0  (464, 10240)
 24 ssm  post_moe         4.285e-01   0.905875195   5.877e-01     no    4751359      0  (464, 10240)
 25 ssm  in               4.285e-01   0.905875195   5.877e-01     no    4751359      0  (464, 10240)
 25 ssm  hc_pre_mixed     7.529e-01   0.716548702   6.922e+00     no    1184642      0  (464, 2560)
 25 ssm  hc_pre_inj       1.620e-01   0.986883583   1.340e-01     no       1794      0  (464, 4)
 25 ssm  qkvz_preconv     3.823e-01   0.926439351   1.600e+01     no    7551423      0  (464, 16384)
 25 ssm  gates            8.637e-02   0.996291130   8.445e-01     no      44496      0  (464, 96)
 25 ssm  post_conv        4.613e-01   0.892374361   2.914e+00     no    4728874      0  (464, 10240)
 25 ssm  raw_recur        2.778e-01   0.961934354   3.033e-02     no    2838883      0  (464, 6144)
 25 ssm  pre_out_proj     5.635e-01   0.842307156   1.239e+00     no    2841637      0  (464, 6144)
 25 ssm  block_out        7.865e-01   0.696635113   7.090e-01     no    1184739      0  (464, 2560)
 25 ssm  post_gdn         4.264e-01   0.906783834   5.747e-01     no    4751360      0  (464, 10240)
 25 ssm  post_moe         4.486e-01   0.896855168   5.786e-01     no    4751360      0  (464, 10240)
 26 ssm  in               4.486e-01   0.896855168   5.786e-01     no    4751360      0  (464, 10240)
 26 ssm  hc_pre_mixed     7.855e-01   0.691307418   6.172e+00     no    1184795      0  (464, 2560)
 26 ssm  hc_pre_inj       1.459e-01   0.989449053   1.352e-01     no       1794      0  (464, 4)
 26 ssm  qkvz_preconv     3.944e-01   0.921646652   1.314e+01     no    7553151      0  (464, 16384)
 26 ssm  gates            9.032e-02   0.995956241   8.945e-01     no      44518      0  (464, 96)
 26 ssm  post_conv        4.432e-01   0.900458579   2.957e+00     no    4724585      0  (464, 10240)
 26 ssm  raw_recur        2.711e-01   0.963286855   5.408e-02     no    2838800      0  (464, 6144)
 26 ssm  pre_out_proj     5.849e-01   0.829454098   1.055e+00     no    2842162      0  (464, 6144)
 26 ssm  block_out        8.325e-01   0.659536778   9.321e-01     no    1185043      0  (464, 2560)
 26 ssm  post_gdn         4.495e-01   0.896388320   5.732e-01     no    4751360      0  (464, 10240)
 26 ssm  post_moe         4.779e-01   0.883058552   5.750e-01     no    4751359      0  (464, 10240)
 27 attn attn_in          4.779e-01   0.883058552   5.750e-01     no    4751359      0  (464, 10240)
 27 attn post_attn        4.770e-01   0.883538520   6.043e-01     no    4751358      0  (464, 10240)
 28 ssm  in               5.023e-01   0.870926093   6.089e-01     no    4751360      0  (464, 10240)
 28 ssm  hc_pre_mixed     8.400e-01   0.646811142   6.307e+00     no    1185095      0  (464, 2560)
 28 ssm  hc_pre_inj       1.578e-01   0.988246339   1.728e-01     no       1789      0  (464, 4)
 28 ssm  qkvz_preconv     4.091e-01   0.916588117   1.179e+01     no    7557362      0  (464, 16384)
 28 ssm  gates            6.487e-02   0.997898510   7.218e-01     no      44365      0  (464, 96)
 28 ssm  post_conv        5.057e-01   0.872481140   2.685e+00     no    4728098      0  (464, 10240)
 28 ssm  raw_recur        3.160e-01   0.949161274   1.831e-02     no    2841028      0  (464, 6144)
 28 ssm  pre_out_proj     6.980e-01   0.754965635   1.551e+00     no    2843237      0  (464, 6144)
 28 ssm  block_out        8.725e-01   0.617504035   9.375e-01     no    1185120      0  (464, 2560)
 28 ssm  post_gdn         5.101e-01   0.866864432   6.105e-01     no    4751360      0  (464, 10240)
 28 ssm  post_moe         5.293e-01   0.856816121   6.391e-01     no    4751360      0  (464, 10240)
 29 ssm  in               5.293e-01   0.856816121   6.391e-01     no    4751360      0  (464, 10240)
 29 ssm  hc_pre_mixed     8.238e-01   0.658040363   7.141e+00     no    1185110      0  (464, 2560)
 29 ssm  hc_pre_inj       1.443e-01   0.990056941   4.888e-01     no       1815      0  (464, 4)
 29 ssm  qkvz_preconv     4.075e-01   0.916765602   1.380e+01     no    7559756      0  (464, 16384)
 29 ssm  gates            8.823e-02   0.996117315   7.929e-01     no      44524      0  (464, 96)
 29 ssm  post_conv        5.211e-01   0.864481754   2.395e+00     no    4735419      0  (464, 10240)
 29 ssm  raw_recur        3.475e-01   0.939442134   2.010e-02     no    2842809      0  (464, 6144)
 29 ssm  pre_out_proj     7.412e-01   0.722638062   6.973e-01     no    2844811      0  (464, 6144)
 29 ssm  block_out        9.193e-01   0.578146720   3.828e-01     no    1185525      0  (464, 2560)
 29 ssm  post_gdn         5.371e-01   0.852696762   6.551e-01     no    4751359      0  (464, 10240)
 29 ssm  post_moe         5.794e-01   0.828914493   7.074e-01     no    4751359      0  (464, 10240)
 30 ssm  in               5.794e-01   0.828914493   7.074e-01     no    4751359      0  (464, 10240)
 30 ssm  hc_pre_mixed     8.803e-01   0.608738872   7.406e+00     no    1185321      0  (464, 2560)
 30 ssm  hc_pre_inj       1.424e-01   0.990475624   4.019e-01     no       1818      0  (464, 4)
 30 ssm  qkvz_preconv     4.946e-01   0.877479216   1.269e+01     no    7565236      0  (464, 16384)
 30 ssm  gates            7.110e-02   0.997473176   7.109e-01     no      44494      0  (464, 96)
 30 ssm  post_conv        6.408e-01   0.795788081   2.562e+00     no    4735799      0  (464, 10240)
 30 ssm  raw_recur        3.126e-01   0.951711013   2.893e-02     no    2842121      0  (464, 6144)
 30 ssm  pre_out_proj     6.961e-01   0.758232845   1.102e+00     no    2844341      0  (464, 6144)
 30 ssm  block_out        9.335e-01   0.567506850   8.594e-01     no    1185456      0  (464, 2560)
 30 ssm  post_gdn         6.017e-01   0.815891423   8.090e-01     no    4751360      0  (464, 10240)
 30 ssm  post_moe         6.583e-01   0.779754017   8.596e-01     no    4751360      0  (464, 10240)
 31 attn attn_in          6.583e-01   0.779754017   8.596e-01     no    4751360      0  (464, 10240)
 31 attn post_attn        6.589e-01   0.778286371   8.491e-01     no    4751360      0  (464, 10240)
 32 ssm  in               7.003e-01   0.749938845   9.190e-01     no    4751360      0  (464, 10240)
 32 ssm  hc_pre_mixed     8.748e-01   0.609411624   7.795e+00     no    1185306      0  (464, 2560)
 32 ssm  hc_pre_inj       1.701e-01   0.986035496   3.932e-01     no       1825      0  (464, 4)
 32 ssm  qkvz_preconv     4.375e-01   0.904208691   1.719e+01     no    7559902      0  (464, 16384)
 32 ssm  gates            6.640e-02   0.997799085   6.887e-01     no      44451      0  (464, 96)
 32 ssm  post_conv        5.972e-01   0.820803785   5.237e+00     no    4730486      0  (464, 10240)
 32 ssm  raw_recur        3.714e-01   0.930034947   4.028e-02     no    2843523      0  (464, 6144)
 32 ssm  pre_out_proj     8.343e-01   0.640159279   1.826e+00     no    2844974      0  (464, 6144)
 32 ssm  block_out        9.513e-01   0.539297441   7.246e-01     no    1185530      0  (464, 2560)
 32 ssm  post_gdn         7.101e-01   0.742985392   1.114e+00     no    4751359      0  (464, 10240)
 32 ssm  post_moe         7.454e-01   0.716142701   1.162e+00     no    4751360      0  (464, 10240)
 33 ssm  in               7.454e-01   0.716142701   1.162e+00     no    4751360      0  (464, 10240)
 33 ssm  hc_pre_mixed     8.522e-01   0.630976055   7.845e+00     no    1185236      0  (464, 2560)
 33 ssm  hc_pre_inj       1.577e-01   0.987909218   5.760e-01     no       1827      0  (464, 4)
 33 ssm  qkvz_preconv     4.003e-01   0.919194280   2.464e+01     no    7560376      0  (464, 16384)
 33 ssm  gates            7.639e-02   0.997081347   7.372e-01     no      44532      0  (464, 96)
 33 ssm  post_conv        5.104e-01   0.868381365   3.930e+00     no    4735201      0  (464, 10240)
 33 ssm  raw_recur        2.831e-01   0.959198299   1.868e-02     no    2843168      0  (464, 6144)
 33 ssm  pre_out_proj     7.951e-01   0.674300116   8.071e-01     no    2844982      0  (464, 6144)
 33 ssm  block_out        9.190e-01   0.571423185   3.970e-01     no    1185550      0  (464, 2560)
 33 ssm  post_gdn         7.377e-01   0.722035720   1.113e+00     no    4751360      0  (464, 10240)
 33 ssm  post_moe         7.699e-01   0.696080773   1.538e+00     no    4751360      0  (464, 10240)
 34 ssm  in               7.699e-01   0.696080773   1.538e+00     no    4751360      0  (464, 10240)
 34 ssm  hc_pre_mixed     8.532e-01   0.631154258   6.656e+00     no    1185361      0  (464, 2560)
 34 ssm  hc_pre_inj       1.886e-01   0.982300853   6.906e-01     no       1820      0  (464, 4)
 34 ssm  qkvz_preconv     4.048e-01   0.917290760   1.484e+01     no    7561150      0  (464, 16384)
 34 ssm  gates            7.860e-02   0.996920810   8.957e-01     no      44462      0  (464, 96)
 34 ssm  post_conv        5.750e-01   0.833868443   4.468e+00     no    4734963      0  (464, 10240)
 34 ssm  raw_recur        2.512e-01   0.968050385   3.000e-02     no    2841587      0  (464, 6144)
 34 ssm  pre_out_proj     6.249e-01   0.804399227   8.174e-01     no    2843794      0  (464, 6144)
 34 ssm  block_out        8.135e-01   0.668111411   5.605e-01     no    1185258      0  (464, 2560)
 34 ssm  post_gdn         7.535e-01   0.708553836   1.684e+00     no    4751358      0  (464, 10240)
 34 ssm  post_moe         7.713e-01   0.693447793   1.664e+00     no    4751360      0  (464, 10240)
 35 attn attn_in          7.713e-01   0.693447793   1.664e+00     no    4751360      0  (464, 10240)
 35 attn post_attn        7.786e-01   0.687695686   1.445e+00     no    4751359      0  (464, 10240)
 36 ssm  in               8.037e-01   0.666291723   1.430e+00     no    4751360      0  (464, 10240)
 36 ssm  hc_pre_mixed     8.361e-01   0.645437412   5.902e+00     no    1185185      0  (464, 2560)
 36 ssm  hc_pre_inj       1.356e-01   0.990770038   6.293e-01     no       1816      0  (464, 4)
 36 ssm  qkvz_preconv     4.557e-01   0.894427472   1.138e+01     no    7564087      0  (464, 16384)
 36 ssm  gates            1.221e-01   0.992530012   8.848e-01     no      44263      0  (464, 96)
 36 ssm  post_conv        6.523e-01   0.787022908   4.837e+00     no    4732093      0  (464, 10240)
 36 ssm  raw_recur        3.307e-01   0.946552959   2.213e-02     no    2840965      0  (464, 6144)
 36 ssm  pre_out_proj     5.937e-01   0.826144926   3.397e+00     no    2842754      0  (464, 6144)
 36 ssm  block_out        7.611e-01   0.713308224   2.374e+00     no    1184675      0  (464, 2560)
 36 ssm  post_gdn         7.706e-01   0.697513431   3.981e+00     no    4751359      0  (464, 10240)
 36 ssm  post_moe         7.810e-01   0.688375134   4.216e+00     no    4751359      0  (464, 10240)
 37 ssm  in               7.810e-01   0.688375134   4.216e+00     no    4751359      0  (464, 10240)
 37 ssm  hc_pre_mixed     6.790e-01   0.763544757   5.727e+00     no    1184898      0  (464, 2560)
 37 ssm  hc_pre_inj       1.871e-01   0.982338725   8.718e-01     no       1818      0  (464, 4)
 37 ssm  qkvz_preconv     2.728e-01   0.962102848   1.096e+01     no    7545062      0  (464, 16384)
 37 ssm  gates            8.087e-02   0.996739804   8.264e-01     no      44357      0  (464, 96)
 37 ssm  post_conv        3.582e-01   0.934451575   5.830e+00     no    4722922      0  (464, 10240)
 37 ssm  raw_recur        2.262e-01   0.974402504   2.313e-02     no    2838157      0  (464, 6144)
 37 ssm  pre_out_proj     4.923e-01   0.878581460   1.116e+00     no    2841647      0  (464, 6144)
 37 ssm  block_out        6.365e-01   0.794339496   1.033e+00     no    1184083      0  (464, 2560)
 37 ssm  post_gdn         7.648e-01   0.701578528   4.387e+00     no    4751360      0  (464, 10240)
 37 ssm  post_moe         7.735e-01   0.693924199   4.413e+00     no    4751360      0  (464, 10240)
 38 ssm  in               7.735e-01   0.693924199   4.413e+00     no    4751360      0  (464, 10240)
 38 ssm  hc_pre_mixed     7.226e-01   0.737669246   6.500e+00     no    1184375      0  (464, 2560)
 38 ssm  hc_pre_inj       3.051e-01   0.952305698   6.785e-01     no       1829      0  (464, 4)
 38 ssm  qkvz_preconv     2.785e-01   0.960911696   2.606e+01     no    7536744      0  (464, 16384)
 38 ssm  gates            1.122e-01   0.993705082   7.831e-01     no      43798      0  (464, 96)
 38 ssm  post_conv        2.943e-01   0.956512586   2.200e+00     no    4697264      0  (464, 10240)
 38 ssm  raw_recur        2.264e-01   0.974319406   1.616e-01     no    2833938      0  (464, 6144)
 38 ssm  pre_out_proj     5.451e-01   0.851392705   1.211e+00     no    2839969      0  (464, 6144)
 38 ssm  block_out        6.509e-01   0.787349215   6.572e-01     no    1183639      0  (464, 2560)
 38 ssm  post_gdn         7.805e-01   0.688283563   4.548e+00     no    4751359      0  (464, 10240)
 38 ssm  post_moe         7.792e-01   0.688958424   4.552e+00     no    4751360      0  (464, 10240)
 39 attn attn_in          7.792e-01   0.688958424   4.552e+00     no    4751360      0  (464, 10240)
 39 attn post_attn        7.743e-01   0.698220404   5.702e+00     no    4751360      0  (464, 10240)
 40 ssm  in               7.825e-01   0.691669281   5.525e+00     no    4751359      0  (464, 10240)
 40 ssm  hc_pre_mixed     7.213e-01   0.739211588   7.859e+00     no    1184420      0  (464, 2560)
 40 ssm  hc_pre_inj       2.061e-01   0.978561711   9.929e-01     no       1825      0  (464, 4)
 40 ssm  qkvz_preconv     2.570e-01   0.966851206   1.290e+01     no    7528909      0  (464, 16384)
 40 ssm  gates            9.000e-02   0.995962903   7.294e-01     no      43718      0  (464, 96)
 40 ssm  post_conv        3.169e-01   0.949629224   3.248e+00     no    4666762      0  (464, 10240)
 40 ssm  raw_recur        2.204e-01   0.975627130   1.479e-01     no    2832529      0  (464, 6144)
 40 ssm  pre_out_proj     4.925e-01   0.877685299   2.156e+00     no    2839394      0  (464, 6144)
 40 ssm  block_out        6.094e-01   0.808842882   9.863e-01     no    1184012      0  (464, 2560)
 40 ssm  post_gdn         7.472e-01   0.717429427   5.673e+00     no    4751360      0  (464, 10240)
 40 ssm  post_moe         7.579e-01   0.708706267   5.803e+00     no    4751360      0  (464, 10240)
 41 ssm  in               7.579e-01   0.708706267   5.803e+00     no    4751360      0  (464, 10240)
 41 ssm  hc_pre_mixed     6.947e-01   0.759587919   5.688e+00     no    1184273      0  (464, 2560)
 41 ssm  hc_pre_inj       2.074e-01   0.978269688   1.015e+00     no       1833      0  (464, 4)
 41 ssm  qkvz_preconv     2.494e-01   0.968793584   1.230e+01     no    7531821      0  (464, 16384)
 41 ssm  gates            9.112e-02   0.995865363   9.082e-01     no      43738      0  (464, 96)
 41 ssm  post_conv        3.395e-01   0.942728084   2.367e+00     no    4702262      0  (464, 10240)
 41 ssm  raw_recur        2.653e-01   0.966955431   1.528e-01     no    2834927      0  (464, 6144)
 41 ssm  pre_out_proj     5.070e-01   0.869923009   2.383e+00     no    2840916      0  (464, 6144)
 41 ssm  block_out        6.729e-01   0.771437004   1.113e+00     no    1184205      0  (464, 2560)
 41 ssm  post_gdn         7.375e-01   0.723867572   6.731e+00     no    4751360      0  (464, 10240)
 41 ssm  post_moe         7.467e-01   0.716408122   6.782e+00     no    4751360      0  (464, 10240)
 42 ssm  in               7.467e-01   0.716408122   6.782e+00     no    4751360      0  (464, 10240)
 42 ssm  hc_pre_mixed     6.804e-01   0.767063205   5.141e+00     no    1184315      0  (464, 2560)
 42 ssm  hc_pre_inj       2.947e-01   0.955752458   1.597e+00     no       1834      0  (464, 4)
 42 ssm  qkvz_preconv     2.752e-01   0.961697719   1.669e+01     no    7544278      0  (464, 16384)
 42 ssm  gates            1.107e-01   0.993853722   7.420e-01     no      44530      0  (464, 96)
 42 ssm  post_conv        3.625e-01   0.933816379   2.176e+00     no    4725233      0  (464, 10240)
 42 ssm  raw_recur        2.771e-01   0.961080622   1.913e-02     no    2840152      0  (464, 6144)
 42 ssm  pre_out_proj     5.988e-01   0.822976957   2.436e+00     no    2842949      0  (464, 6144)
 42 ssm  block_out        6.683e-01   0.779474182   1.295e+00     no    1184134      0  (464, 2560)
 42 ssm  post_gdn         7.122e-01   0.742790728   7.400e+00     no    4751360      0  (464, 10240)
 42 ssm  post_moe         7.136e-01   0.741659525   7.506e+00     no    4751359      0  (464, 10240)
 43 attn attn_in          7.136e-01   0.741659525   7.506e+00     no    4751359      0  (464, 10240)
 43 attn post_attn        7.092e-01   0.744736401   7.324e+00     no    4751360      0  (464, 10240)
 44 ssm  in               7.181e-01   0.737911192   7.287e+00     no    4751360      0  (464, 10240)
 44 ssm  hc_pre_mixed     7.731e-01   0.688945486   9.172e+00     no    1184331      0  (464, 2560)
 44 ssm  hc_pre_inj       1.127e-01   0.993659283   6.784e-01     no       1808      0  (464, 4)
 44 ssm  qkvz_preconv     3.365e-01   0.942336073   3.400e+01     no    7539679      0  (464, 16384)
 44 ssm  gates            9.581e-02   0.995426862   9.035e-01     no      43840      0  (464, 96)
 44 ssm  post_conv        4.543e-01   0.892036518   2.073e+01     no    4693566      0  (464, 10240)
 44 ssm  raw_recur        3.400e-01   0.941879325   2.036e-01     no    2832630      0  (464, 6144)
 44 ssm  pre_out_proj     3.435e-01   0.941502145   6.262e+00     no    2829732      0  (464, 6144)
 44 ssm  block_out        5.055e-01   0.867244907   3.000e+00     no    1183131      0  (464, 2560)
 44 ssm  post_gdn         6.255e-01   0.800347326   7.974e+00     no    4751360      0  (464, 10240)
 44 ssm  post_moe         6.337e-01   0.794837912   7.901e+00     no    4751360      0  (464, 10240)
 45 ssm  in               6.337e-01   0.794837912   7.901e+00     no    4751360      0  (464, 10240)
 45 ssm  hc_pre_mixed     6.616e-01   0.781562774   5.086e+00     no    1184162      0  (464, 2560)
 45 ssm  hc_pre_inj       1.283e-01   0.991827721   9.893e-01     no       1812      0  (464, 4)
 45 ssm  qkvz_preconv     2.450e-01   0.969899168   9.594e+00     no    7537043      0  (464, 16384)
 45 ssm  gates            1.044e-01   0.994552315   8.221e-01     no      44463      0  (464, 96)
 45 ssm  post_conv        3.631e-01   0.934115186   1.465e+00     no    4714643      0  (464, 10240)
 45 ssm  raw_recur        2.776e-01   0.961193303   2.280e-02     no    2834360      0  (464, 6144)
 45 ssm  pre_out_proj     3.523e-01   0.937712247   7.871e+00     no    2839133      0  (464, 6144)
 45 ssm  block_out        4.568e-01   0.894353565   1.859e+00     no    1182805      0  (464, 2560)
 45 ssm  post_gdn         5.424e-01   0.849405903   8.678e+00     no    4751360      0  (464, 10240)
 45 ssm  post_moe         5.484e-01   0.846024705   8.662e+00     no    4751359      0  (464, 10240)
 46 ssm  in               5.484e-01   0.846024705   8.662e+00     no    4751359      0  (464, 10240)
 46 ssm  hc_pre_mixed     5.614e-01   0.842808825   5.301e+00     no    1183257      0  (464, 2560)
 46 ssm  hc_pre_inj       1.067e-01   0.994408070   9.642e-01     no       1813      0  (464, 4)
 46 ssm  qkvz_preconv     2.199e-01   0.975881864   1.223e+01     no    7523550      0  (464, 16384)
 46 ssm  gates            1.000e-01   0.994990039   9.169e-01     no      44415      0  (464, 96)
 46 ssm  post_conv        3.590e-01   0.936217466   2.594e+00     no    4708293      0  (464, 10240)
 46 ssm  raw_recur        2.645e-01   0.965084012   1.734e-02     no    2831821      0  (464, 6144)
 46 ssm  pre_out_proj     3.895e-01   0.925275405   4.547e+00     no    2837174      0  (464, 6144)
 46 ssm  block_out        4.847e-01   0.884221952   4.617e+00     no    1182528      0  (464, 2560)
 46 ssm  post_gdn         5.280e-01   0.857400671   8.850e+00     no    4751360      0  (464, 10240)
 46 ssm  post_moe         5.388e-01   0.851416230   8.685e+00     no    4751359      0  (464, 10240)
 47 attn attn_in          5.388e-01   0.851416230   8.685e+00     no    4751359      0  (464, 10240)
 47 attn post_attn        5.287e-01   0.856928447   8.510e+00     no    4751360      0  (464, 10240)

FIRST DIVERGENCE (bit-level): model layer 0 (ssm) stage post_moe
  relL2=3.982e-04 cosine=0.999999921 maxabs=1.761e-03 ndiff_elems=302411 first_diverging_row=0
